1.000000000000000000e+00 7.913658371734801911e-01 8.102781972653950726e-01 7.637979788404302139e-01 8.521362172727148243e-01 9.326601316585885204e-01 7.916296583569865097e-01 7.430047527575001087e-01 9.651599312919112439e-01 8.010479664368516106e-01
7.913658371734801911e-01 1.000000000000000000e+00 9.159317744605735001e-01 9.268469949078448344e-01 9.561266669917746208e-01 9.249628079036944506e-01 8.725034631264796392e-01 9.713678928403453039e-01 8.758795992731613911e-01 9.576704203211025002e-01
8.102781972653950726e-01 9.159317744605735001e-01 1.000000000000000000e+00 9.921696985736792040e-01 9.647433012394392993e-01 9.299026860501843350e-01 9.881751472993567376e-01 8.187836789563621709e-01 8.884147585858646057e-01 9.500644343618340759e-01
7.637979788404302139e-01 9.268469949078448344e-01 9.921696985736792040e-01 1.000000000000000000e+00 9.594620328527447839e-01 9.080905371780356727e-01 9.767971583234321686e-01 8.292235203221990369e-01 8.478205699109755411e-01 9.651746252612664057e-01
8.521362172727148243e-01 9.561266669917746208e-01 9.647433012394392993e-01 9.594620328527447839e-01 1.000000000000000000e+00 9.566311987270265105e-01 9.572509302187245384e-01 8.788917051436055949e-01 9.009069547902879282e-01 9.452629782402830472e-01
9.326601316585885204e-01 9.249628079036944506e-01 9.299026860501843350e-01 9.080905371780356727e-01 9.566311987270265105e-01 1.000000000000000000e+00 8.993753382318753209e-01 8.543240353325547431e-01 9.699563514956198729e-01 9.282615315866900030e-01
7.916296583569865097e-01 8.725034631264796392e-01 9.881751472993567376e-01 9.767971583234321686e-01 9.572509302187245384e-01 8.993753382318753209e-01 1.000000000000000000e+00 7.629974256096128116e-01 8.517779460813659220e-01 9.103646263132990635e-01
7.430047527575001087e-01 9.713678928403453039e-01 8.187836789563621709e-01 8.292235203221990369e-01 8.788917051436055949e-01 8.543240353325547431e-01 7.629974256096128116e-01 1.000000000000000000e+00 8.311654202130377422e-01 8.891182276347425750e-01
9.651599312919112439e-01 8.758795992731613911e-01 8.884147585858646057e-01 8.478205699109755411e-01 9.009069547902879282e-01 9.699563514956198729e-01 8.517779460813659220e-01 8.311654202130377422e-01 1.000000000000000000e+00 8.722391853709768883e-01
8.010479664368516106e-01 9.576704203211025002e-01 9.500644343618340759e-01 9.651746252612664057e-01 9.452629782402830472e-01 9.282615315866900030e-01 9.103646263132990635e-01 8.891182276347425750e-01 8.722391853709768883e-01 1.000000000000000000e+00
