1.000000000000000000e+00 2.602673304737690083e-02 2.519959756564029915e-02 4.195099054176810310e-02 4.275959803669580200e-02 5.188511469500849821e-02 1.911421364355370134e-02 6.720122829795099895e-02 1.921238202280850169e-02 2.034687463646779951e-02 2.077175844042410124e-02 2.733458438512850058e-02 2.845479557719430078e-02 2.503280766620880060e-02 2.374773443567530090e-02 2.497742563250950065e-02 1.793329653822879968e-02 2.034338818364499896e-02 2.684822028845009964e-02 7.095735693846970393e-02 6.288265568736320366e-02 3.693904175482880248e-02 3.715969734509429884e-02 3.516970924722710029e-02 2.878738016780910125e-02 3.607884305996610086e-02
2.602673304737690083e-02 1.000000000000000000e+00 3.852915208382680090e-01 2.541001470447730171e-01 2.418510275572740009e-01 2.588937830717419897e-01 1.310477081585889880e-01 1.407710919377979930e-01 1.192380198403920066e-01 1.202720448975409945e-01 1.295168603471210100e-01 9.284160596323209891e-02 1.092524415217060035e-01 1.405164477746959906e-01 1.488425766837810083e-01 1.484622002216819947e-01 8.533878900597420547e-02 9.071076079760820310e-02 8.105748962038049343e-02 1.829389498077909904e-01 1.685552062688659980e-01 3.868443626361339760e-02 1.123839917557599988e-01 9.527323069461700322e-02 1.274347335133509951e-01 1.175838668400839976e-01
2.519959756564029915e-02 3.852915208382680090e-01 1.000000000000000000e+00 2.395614352738250075e-01 2.265729730588990076e-01 2.401412298295589887e-01 1.444584678165539982e-01 1.481442388376280062e-01 1.199569664796179963e-01 1.227775918138449968e-01 1.311964854702629968e-01 9.611730055838929587e-02 9.447905211708640394e-02 1.489628529423089875e-01 1.419438313352849867e-01 1.452271112184209956e-01 8.864748051861480460e-02 9.529398165904169604e-02 8.698362283077920587e-02 1.685281270918599916e-01 1.578815510203600003e-01 3.663555654727280314e-02 1.025513718728569973e-01 8.878739059298469682e-02 1.370441649442399878e-01 1.269205676840599872e-01
4.195099054176810310e-02 2.541001470447730171e-01 2.395614352738250075e-01 1.000000000000000000e+00 5.096375256517799990e-01 5.451473671189539516e-01 1.544115344598389894e-01 1.849671670184319938e-01 1.241918064688670026e-01 1.369182107089710054e-01 1.423833574495720067e-01 1.100557289927400068e-01 1.283516677037080111e-01 1.885246043099740032e-01 1.832049808147409864e-01 1.955332529527480101e-01 9.499601694809739483e-02 1.027513785961200049e-01 9.276624749131860692e-02 2.367199142210880125e-01 2.169863494971460138e-01 3.877327094594699985e-02 1.382950140552529905e-01 1.240207115819259992e-01 1.699940593973389980e-01 1.366548809706339962e-01
4.275959803669580200e-02 2.418510275572740009e-01 2.265729730588990076e-01 5.096375256517799990e-01 1.000000000000000000e+00 7.211859337424100236e-01 1.442271701745780066e-01 1.907953586527089962e-01 1.107175156727620013e-01 1.149673071977840022e-01 1.333629666903690114e-01 1.237471696911909974e-01 1.268867182265979998e-01 1.778066313478549876e-01 1.834251834231120093e-01 2.080261875127299986e-01 9.173553671282980160e-02 9.622119457172739754e-02 9.318810952332269582e-02 2.325866612481949924e-01 2.066496565507719985e-01 3.765737233085009877e-02 1.411877518161200051e-01 1.125191691128610005e-01 1.579412431475550049e-01 1.402248545595400075e-01
5.188511469500849821e-02 2.588937830717419897e-01 2.401412298295589887e-01 5.451473671189539516e-01 7.211859337424100236e-01 1.000000000000000000e+00 1.614827210365490096e-01 1.996520409250299999e-01 1.191569919130790051e-01 1.302541761019679889e-01 1.404752518427760111e-01 1.424065871266700090e-01 1.424403574760680080e-01 2.152588583040740133e-01 2.060615392554719927e-01 2.310996923631520039e-01 9.469591501904969788e-02 1.008633316791840012e-01 9.396742104499859749e-02 2.504178197563269870e-01 2.167291864435350046e-01 4.080151131596920083e-02 1.427660500577959957e-01 1.150042467295309956e-01 1.619801283067210107e-01 1.538755663271209884e-01
1.911421364355370134e-02 1.310477081585889880e-01 1.444584678165539982e-01 1.544115344598389894e-01 1.442271701745780066e-01 1.614827210365490096e-01 1.000000000000000000e+00 1.029220231928199975e-01 2.336613323719400059e-01 2.766806737019780194e-01 2.572731859975169733e-01 7.702357823186960217e-02 6.803502210985359899e-02 9.566822198085979390e-02 9.675122601948180079e-02 9.989640806695200548e-02 6.102201836773100269e-02 6.534052666970280310e-02 6.323405911097189358e-02 1.145124242315490037e-01 1.012785831873009995e-01 4.247424543955669735e-02 6.410002552412689958e-02 7.160878713658019867e-02 1.073626399380870067e-01 9.225088407822459868e-02
6.720122829795099895e-02 1.407710919377979930e-01 1.481442388376280062e-01 1.849671670184319938e-01 1.907953586527089962e-01 1.996520409250299999e-01 1.029220231928199975e-01 1.000000000000000000e+00 9.310031915402630642e-02 8.231226899712060230e-02 9.715378260489600237e-02 1.321322325297950018e-01 1.312412305499200127e-01 1.747416508970429938e-01 1.890347225663600028e-01 1.791644311151180113e-01 9.770904882445059780e-02 1.074298908979850059e-01 1.020831256562979988e-01 3.001619665150450089e-01 2.788605735098039773e-01 3.524773784417160188e-02 1.194205451275270058e-01 1.151329954333639993e-01 1.526914809623030056e-01 1.305240073308190085e-01
1.921238202280850169e-02 1.192380198403920066e-01 1.199569664796179963e-01 1.241918064688670026e-01 1.107175156727620013e-01 1.191569919130790051e-01 2.336613323719400059e-01 9.310031915402630642e-02 1.000000000000000000e+00 2.052927298616359919e-01 2.547150341574480059e-01 6.143017554196090330e-02 6.384620182761660545e-02 8.721731080568780048e-02 8.455981713136109801e-02 9.104171778346159538e-02 5.567885068238519891e-02 6.076641290095179809e-02 5.727380287936460063e-02 1.046766681653270026e-01 9.363641311180999349e-02 2.832800266216430052e-02 6.786857138422999758e-02 6.484609130232080187e-02 8.778700794668149732e-02 8.168347320824780045e-02
2.034687463646779951e-02 1.202720448975409945e-01 1.227775918138449968e-01 1.369182107089710054e-01 1.149673071977840022e-01 1.302541761019679889e-01 2.766806737019780194e-01 8.231226899712060230e-02 2.052927298616359919e-01 1.000000000000000000e+00 2.309911997224660118e-01 6.994132829754809433e-02 6.679507397197849417e-02 8.709326441008050090e-02 8.497224320818849708e-02 9.550330203639030568e-02 6.107158087746329678e-02 7.135801399795850541e-02 6.484676595556550238e-02 9.056937240950820034e-02 8.203102939874809540e-02 3.596377537751749981e-02 7.618956859646240642e-02 7.561352988781569473e-02 9.401896706780439594e-02 8.559132727056939505e-02
2.077175844042410124e-02 1.295168603471210100e-01 1.311964854702629968e-01 1.423833574495720067e-01 1.333629666903690114e-01 1.404752518427760111e-01 2.572731859975169733e-01 9.715378260489600237e-02 2.547150341574480059e-01 2.309911997224660118e-01 1.000000000000000000e+00 5.927700288096370007e-02 6.975490378095390576e-02 8.489080417611100104e-02 7.827796626222459364e-02 8.711591443130700663e-02 5.782004265365330020e-02 6.244124000242060046e-02 5.735973511505530059e-02 1.041588273101100026e-01 9.664344581733129436e-02 3.588034495811229935e-02 6.002884102131209737e-02 6.633007630811529887e-02 9.260078355067280498e-02 7.757083960716110171e-02
2.733458438512850058e-02 9.284160596323209891e-02 9.611730055838929587e-02 1.100557289927400068e-01 1.237471696911909974e-01 1.424065871266700090e-01 7.702357823186960217e-02 1.321322325297950018e-01 6.143017554196090330e-02 6.994132829754809433e-02 5.927700288096370007e-02 1.000000000000000000e+00 5.443912199572970012e-01 2.015259239745610109e-01 2.123277480297330044e-01 2.032729535530130027e-01 1.654507208385800066e-01 1.777328532339809974e-01 1.418360526365010088e-01 1.751361481289699928e-01 1.477659140520460046e-01 3.200604879281469806e-02 1.632571018395999884e-01 1.461062370921779874e-01 1.252692584036599888e-01 1.523156293372980030e-01
2.845479557719430078e-02 1.092524415217060035e-01 9.447905211708640394e-02 1.283516677037080111e-01 1.268867182265979998e-01 1.424403574760680080e-01 6.803502210985359899e-02 1.312412305499200127e-01 6.384620182761660545e-02 6.679507397197849417e-02 6.975490378095390576e-02 5.443912199572970012e-01 1.000000000000000000e+00 1.946595646167829929e-01 2.020300641772390104e-01 1.982530053523710034e-01 1.714373192353499942e-01 1.862530554557280116e-01 1.552606025376490062e-01 1.705681208191540121e-01 1.436580835818709878e-01 2.950843298004689891e-02 1.823828077588549867e-01 1.621542220954129976e-01 1.251012257684200046e-01 1.715284378245799934e-01
2.503280766620880060e-02 1.405164477746959906e-01 1.489628529423089875e-01 1.885246043099740032e-01 1.778066313478549876e-01 2.152588583040740133e-01 9.566822198085979390e-02 1.747416508970429938e-01 8.721731080568780048e-02 8.709326441008050090e-02 8.489080417611100104e-02 2.015259239745610109e-01 1.946595646167829929e-01 1.000000000000000000e+00 7.288690429458859477e-01 6.941350453821419908e-01 1.518159761476569891e-01 1.634023215903399884e-01 1.255733851884870134e-01 2.333920378893120096e-01 2.112652915460239977e-01 5.307323417917699654e-02 1.749756398495239951e-01 1.672528191134730058e-01 1.750034062413159952e-01 1.890363765492290016e-01
2.374773443567530090e-02 1.488425766837810083e-01 1.419438313352849867e-01 1.832049808147409864e-01 1.834251834231120093e-01 2.060615392554719927e-01 9.675122601948180079e-02 1.890347225663600028e-01 8.455981713136109801e-02 8.497224320818849708e-02 7.827796626222459364e-02 2.123277480297330044e-01 2.020300641772390104e-01 7.288690429458859477e-01 1.000000000000000000e+00 7.186984140168359847e-01 1.716349917067589992e-01 1.788818763910000054e-01 1.324044614631149919e-01 2.342368630108009886e-01 2.111162502039899969e-01 4.229289952999980284e-02 1.802873712340530010e-01 1.743723359854039978e-01 1.755342396423749951e-01 1.975522282151599973e-01
2.497742563250950065e-02 1.484622002216819947e-01 1.452271112184209956e-01 1.955332529527480101e-01 2.080261875127299986e-01 2.310996923631520039e-01 9.989640806695200548e-02 1.791644311151180113e-01 9.104171778346159538e-02 9.550330203639030568e-02 8.711591443130700663e-02 2.032729535530130027e-01 1.982530053523710034e-01 6.941350453821419908e-01 7.186984140168359847e-01 1.000000000000000000e+00 1.627758163064660091e-01 1.767086433650099930e-01 1.302488499396080024e-01 2.428538068260290006e-01 2.186955947327990091e-01 4.766023450972849823e-02 1.831079536160399868e-01 1.603883792847289880e-01 1.823703304820339932e-01 1.916124698593499875e-01
1.793329653822879968e-02 8.533878900597420547e-02 8.864748051861480460e-02 9.499601694809739483e-02 9.173553671282980160e-02 9.469591501904969788e-02 6.102201836773100269e-02 9.770904882445059780e-02 5.567885068238519891e-02 6.107158087746329678e-02 5.782004265365330020e-02 1.654507208385800066e-01 1.714373192353499942e-01 1.518159761476569891e-01 1.716349917067589992e-01 1.627758163064660091e-01 1.000000000000000000e+00 5.784606785123309614e-01 4.300848930835159956e-01 1.162721008888179947e-01 1.031599908518179981e-01 3.802122636298690267e-02 1.632943066729370118e-01 1.384064578426640046e-01 1.049775129698869991e-01 1.358110239368280070e-01
2.034338818364499896e-02 9.071076079760820310e-02 9.529398165904169604e-02 1.027513785961200049e-01 9.622119457172739754e-02 1.008633316791840012e-01 6.534052666970280310e-02 1.074298908979850059e-01 6.076641290095179809e-02 7.135801399795850541e-02 6.244124000242060046e-02 1.777328532339809974e-01 1.862530554557280116e-01 1.634023215903399884e-01 1.788818763910000054e-01 1.767086433650099930e-01 5.784606785123309614e-01 1.000000000000000000e+00 4.580571565502549736e-01 1.249416070293599967e-01 1.107853869417849968e-01 3.463749080258390206e-02 1.611514230114290125e-01 1.475447396176849946e-01 1.161661320355290017e-01 1.448556277289949901e-01
2.684822028845009964e-02 8.105748962038049343e-02 8.698362283077920587e-02 9.276624749131860692e-02 9.318810952332269582e-02 9.396742104499859749e-02 6.323405911097189358e-02 1.020831256562979988e-01 5.727380287936460063e-02 6.484676595556550238e-02 5.735973511505530059e-02 1.418360526365010088e-01 1.552606025376490062e-01 1.255733851884870134e-01 1.324044614631149919e-01 1.302488499396080024e-01 4.300848930835159956e-01 4.580571565502549736e-01 1.000000000000000000e+00 1.200093774898900040e-01 1.097858308627220059e-01 3.529174909307670333e-02 1.437231449882820089e-01 1.560835499532030046e-01 1.054009311978789942e-01 1.082661220317169964e-01
7.095735693846970393e-02 1.829389498077909904e-01 1.685281270918599916e-01 2.367199142210880125e-01 2.325866612481949924e-01 2.504178197563269870e-01 1.145124242315490037e-01 3.001619665150450089e-01 1.046766681653270026e-01 9.056937240950820034e-02 1.041588273101100026e-01 1.751361481289699928e-01 1.705681208191540121e-01 2.333920378893120096e-01 2.342368630108009886e-01 2.428538068260290006e-01 1.162721008888179947e-01 1.249416070293599967e-01 1.200093774898900040e-01 1.000000000000000000e+00 6.227989259691689705e-01 5.819653923833439935e-02 1.306568882270729981e-01 1.263201840206890081e-01 1.510559205114140047e-01 1.580016113654829912e-01
6.288265568736320366e-02 1.685552062688659980e-01 1.578815510203600003e-01 2.169863494971460138e-01 2.066496565507719985e-01 2.167291864435350046e-01 1.012785831873009995e-01 2.788605735098039773e-01 9.363641311180999349e-02 8.203102939874809540e-02 9.664344581733129436e-02 1.477659140520460046e-01 1.436580835818709878e-01 2.112652915460239977e-01 2.111162502039899969e-01 2.186955947327990091e-01 1.031599908518179981e-01 1.107853869417849968e-01 1.097858308627220059e-01 6.227989259691689705e-01 1.000000000000000000e+00 4.432005115797119782e-02 1.098402979613480046e-01 1.167673567771470022e-01 1.273751491388570023e-01 1.365867687782640061e-01
3.693904175482880248e-02 3.868443626361339760e-02 3.663555654727280314e-02 3.877327094594699985e-02 3.765737233085009877e-02 4.080151131596920083e-02 4.247424543955669735e-02 3.524773784417160188e-02 2.832800266216430052e-02 3.596377537751749981e-02 3.588034495811229935e-02 3.200604879281469806e-02 2.950843298004689891e-02 5.307323417917699654e-02 4.229289952999980284e-02 4.766023450972849823e-02 3.802122636298690267e-02 3.463749080258390206e-02 3.529174909307670333e-02 5.819653923833439935e-02 4.432005115797119782e-02 1.000000000000000000e+00 4.315994356644820007e-02 4.880615335036819769e-02 3.295807926496809731e-02 3.648101647996299796e-02
3.715969734509429884e-02 1.123839917557599988e-01 1.025513718728569973e-01 1.382950140552529905e-01 1.411877518161200051e-01 1.427660500577959957e-01 6.410002552412689958e-02 1.194205451275270058e-01 6.786857138422999758e-02 7.618956859646240642e-02 6.002884102131209737e-02 1.632571018395999884e-01 1.823828077588549867e-01 1.749756398495239951e-01 1.802873712340530010e-01 1.831079536160399868e-01 1.632943066729370118e-01 1.611514230114290125e-01 1.437231449882820089e-01 1.306568882270729981e-01 1.098402979613480046e-01 4.315994356644820007e-02 1.000000000000000000e+00 3.586266578366170132e-01 2.721589312759289947e-01 2.022610646784090138e-01
3.516970924722710029e-02 9.527323069461700322e-02 8.878739059298469682e-02 1.240207115819259992e-01 1.125191691128610005e-01 1.150042467295309956e-01 7.160878713658019867e-02 1.151329954333639993e-01 6.484609130232080187e-02 7.561352988781569473e-02 6.633007630811529887e-02 1.461062370921779874e-01 1.621542220954129976e-01 1.672528191134730058e-01 1.743723359854039978e-01 1.603883792847289880e-01 1.384064578426640046e-01 1.475447396176849946e-01 1.560835499532030046e-01 1.263201840206890081e-01 1.167673567771470022e-01 4.880615335036819769e-02 3.586266578366170132e-01 1.000000000000000000e+00 3.248246423119189874e-01 1.890486917995080063e-01
2.878738016780910125e-02 1.274347335133509951e-01 1.370441649442399878e-01 1.699940593973389980e-01 1.579412431475550049e-01 1.619801283067210107e-01 1.073626399380870067e-01 1.526914809623030056e-01 8.778700794668149732e-02 9.401896706780439594e-02 9.260078355067280498e-02 1.252692584036599888e-01 1.251012257684200046e-01 1.750034062413159952e-01 1.755342396423749951e-01 1.823703304820339932e-01 1.049775129698869991e-01 1.161661320355290017e-01 1.054009311978789942e-01 1.510559205114140047e-01 1.273751491388570023e-01 3.295807926496809731e-02 2.721589312759289947e-01 3.248246423119189874e-01 1.000000000000000000e+00 1.900253346230859897e-01
3.607884305996610086e-02 1.175838668400839976e-01 1.269205676840599872e-01 1.366548809706339962e-01 1.402248545595400075e-01 1.538755663271209884e-01 9.225088407822459868e-02 1.305240073308190085e-01 8.168347320824780045e-02 8.559132727056939505e-02 7.757083960716110171e-02 1.523156293372980030e-01 1.715284378245799934e-01 1.890363765492290016e-01 1.975522282151599973e-01 1.916124698593499875e-01 1.358110239368280070e-01 1.448556277289949901e-01 1.082661220317169964e-01 1.580016113654829912e-01 1.365867687782640061e-01 3.648101647996299796e-02 2.022610646784090138e-01 1.890486917995080063e-01 1.900253346230859897e-01 1.000000000000000000e+00
